let constants = {};
constants.cachedUrls = [
'data/mnist/bin/softmax.bin',
'data/mnist/bin/labels.bin',

'data/fashion-mnist/bin/softmax.bin',
'data/fashion-mnist/bin/labels.bin',

'data/cifar10/bin/softmax.bin',
'data/cifar10/bin/labels.bin',

'data/layer-transition/mnist/d0.bin',
'data/layer-transition/mnist/d1.bin',
'data/layer-transition/mnist/d2.bin',
'data/layer-transition/mnist/d3.bin',
'data/layer-transition/mnist/d4.bin',
'data/layer-transition/mnist/d5.bin',
'data/layer-transition/mnist/d6.bin',
'data/layer-transition/mnist/d7.bin',
'data/layer-transition/mnist/d8.bin',
'data/layer-transition/mnist/d9.bin',
'data/layer-transition/mnist/d10.bin',
'data/layer-transition/mnist/d11.bin',
'data/layer-transition/mnist/view0.bin',
'data/layer-transition/mnist/view1.bin',
'data/layer-transition/mnist/view2.bin',
'data/layer-transition/mnist/view3.bin',
'data/layer-transition/mnist/view4.bin',
'data/layer-transition/mnist/view5.bin',
'data/layer-transition/mnist/view6.bin',
'data/layer-transition/mnist/view7.bin',
'data/layer-transition/mnist/view8.bin',
'data/layer-transition/mnist/view9.bin',
'data/layer-transition/mnist/view10.bin',
'data/layer-transition/mnist/labels.bin',

// 'data/layer-transition/fashion-mnist/d0.bin',
// 'data/layer-transition/fashion-mnist/d1.bin',
// 'data/layer-transition/fashion-mnist/d2.bin',
// 'data/layer-transition/fashion-mnist/d3.bin',
// 'data/layer-transition/fashion-mnist/d4.bin',
// 'data/layer-transition/fashion-mnist/d5.bin',
// 'data/layer-transition/fashion-mnist/d6.bin',
// 'data/layer-transition/fashion-mnist/d7.bin',
// 'data/layer-transition/fashion-mnist/d8.bin',
// 'data/layer-transition/fashion-mnist/d9.bin',
// 'data/layer-transition/fashion-mnist/d10.bin',
// 'data/layer-transition/fashion-mnist/d11.bin',
// 'data/layer-transition/fashion-mnist/view0.bin',
// 'data/layer-transition/fashion-mnist/view1.bin',
// 'data/layer-transition/fashion-mnist/view2.bin',
// 'data/layer-transition/fashion-mnist/view3.bin',
// 'data/layer-transition/fashion-mnist/view4.bin',
// 'data/layer-transition/fashion-mnist/view5.bin',
// 'data/layer-transition/fashion-mnist/view6.bin',
// 'data/layer-transition/fashion-mnist/view7.bin',
// 'data/layer-transition/fashion-mnist/view8.bin',
// 'data/layer-transition/fashion-mnist/view9.bin',
// 'data/layer-transition/fashion-mnist/view10.bin',
// 'data/layer-transition/fashion-mnist/labels.bin',

// 'data/layer-transition/cifar10/d0.bin',
// 'data/layer-transition/cifar10/d1.bin',
// 'data/layer-transition/cifar10/d2.bin',
// 'data/layer-transition/cifar10/d3.bin',
// 'data/layer-transition/cifar10/d4.bin',
// 'data/layer-transition/cifar10/d5.bin',
// 'data/layer-transition/cifar10/d6.bin',
// 'data/layer-transition/cifar10/d7.bin',
// 'data/layer-transition/cifar10/d8.bin',
// 'data/layer-transition/cifar10/d9.bin',
// 'data/layer-transition/cifar10/d10.bin',
// 'data/layer-transition/cifar10/d11.bin',
// 'data/layer-transition/cifar10/d12.bin',
// 'data/layer-transition/cifar10/view0.bin',
// 'data/layer-transition/cifar10/view1.bin',
// 'data/layer-transition/cifar10/view2.bin',
// 'data/layer-transition/cifar10/view3.bin',
// 'data/layer-transition/cifar10/view4.bin',
// 'data/layer-transition/cifar10/view5.bin',
// 'data/layer-transition/cifar10/view6.bin',
// 'data/layer-transition/cifar10/view7.bin',
// 'data/layer-transition/cifar10/view8.bin',
// 'data/layer-transition/cifar10/view9.bin',
// 'data/layer-transition/cifar10/view10.bin',
// 'data/layer-transition/cifar10/view11.bin',
// 'data/layer-transition/cifar10/labels.bin',
];


//sandal sneaker and ankle boot (SSA)
const SSA_MATRIX = JSON.parse("[[0.11752750896479632,0.009671626049106642,0.06626641563532307,0.07685339138912778,-0.058656194624876465,0.9358766142061923,0.10311699330051036,-0.17734673668867626,0.15075473691851637,-0.17798456805628865],[-0.027010436488571085,0.2143861803969528,0.11343466745660326,0.319776542409163,0.13810839324830276,-0.09717577875436911,-0.31946429612305616,-0.8005409724549377,0.03099424952126203,0.2564830448145133],[0.011428855392327953,-0.012448943974214078,0.9188514335741581,0.13236857013609615,-0.13506364419471764,-0.09534023951180275,-0.1532751559303696,0.15089708641665445,0.048256740247568604,-0.24896012405609738],[0.005941377476970155,-0.04835232225951363,-0.16529981604088978,0.9279737231249171,-0.06314103047590011,-0.0016296313332709142,0.08925611415738781,0.28959105732456186,-0.11389949910497721,0.019373106392006952],[0.025806030102444928,-0.00023607019785115498,0.008245043892729703,0.0184171509972586,0.8725996960733394,0.0719685596255966,-0.18892349626410895,0.10813194022049913,-0.2746377429141001,-0.3309178507579209],[-0.6537174986479011,-0.4549360198735346,0.18048183309747626,-0.006003613258560233,0.20860406380667001,0.1820388947037943,0.05453126354614435,0.07610205031418842,0.050373931737917654,0.4950963400656883],[-0.03821611465799467,0.026973628088397192,0.14948599326291379,0.060288858724312853,0.2077121418938919,-0.19308683619690759,0.8817141300236897,-0.28605685442870865,0.08522392757762488,-0.1577746310932167],[-0.03912661690255411,0.7882633753644627,0.13933168679482172,-0.04044675185046549,0.15591221393891985,0.1261058578651019,0.1244963365758126,0.32108626917318805,0.03261598698185506,0.44293324746067264],[-0.003582356330589629,-0.00378072101509328,-0.11474173041121148,0.08557893900764049,0.21652725310952953,-0.11867115807932392,-0.13403939039735457,0.12255113036574673,0.9343288810536565,-0.11207480791977063],[0.7444965320137735,-0.34983459622838653,0.15350124938172827,-0.01449738391622655,0.18966722469947575,0.0037045670612090038,0.07936039710327165,0.06018007067449933,0.041830080998420165,0.5019073741693746]]");

const PCS_MATRIX = JSON.parse("[[0.01911057107368682,-0.014081257344994994,0.5708172294311654,-0.02634982133017266,0.3036461379488747,0.018805349575583215,0.12240790989250185,0.032148649293861145,-0.7350699341861296,-0.15495232589806288],[-0.10532128681978893,-0.10614225773913243,0.0077964835585516605,0.11293725814595777,0.20536602683081948,-0.1698741250718033,0.4197399013461571,-0.7619558077801161,0.04080284077923907,0.3679267661892561],[-0.004804287782548502,0.7182145663415694,-0.025724097316048834,-0.19990876217290923,0.4041415798227429,-0.10141935654229944,-0.17002565617616813,0.13695778270001127,0.016015418994616077,0.471148128584391],[-0.045887534140483466,-0.017741419099436093,0.17883998242704036,0.6452117959860246,0.3858854319477826,0.5120641676323074,0.09349654343911465,0.19131178235961854,0.2992609493223202,0.057283325744595104],[-0.6789887763877923,-0.47544787498736113,0.03503165445480363,-0.11730352263669641,0.12553256891287468,-0.08204681773173336,-0.2852219883051145,0.2189386184829687,-0.0453230438597134,0.37961327786862165],[0.04180920834948654,0.04791397783467235,0.2713289772886976,0.3582715474640905,-0.3014926782477887,-0.6021515139467928,0.3459228527044799,0.40179599372021463,0.08512003227186404,0.22835495158673627],[0.6625793730201319,-0.49345164269971103,-0.06229418496948715,-0.20818646225620135,0.38934964378307896,-0.11859860888598396,-0.018470711397616423,0.18929387814844764,0.09760506004614114,0.2427200441725305],[0.06936570033721294,0.0033796257527423635,0.576192391096214,0.03333748636373644,0.0491256502734082,-0.27161338958024467,-0.553135779892485,-0.2986286254232029,0.39530025071909797,-0.18568850298340722],[-0.10300122780605223,0.003526083784272566,-0.46076613694478424,0.36836205110239534,0.4402987885465598,-0.4840179248554764,-0.15871199229818644,-0.0023730436770992972,-0.1446123123375601,-0.40882521529875077],[0.26307302867700116,-0.022886855063305536,-0.1357613207354873,0.4560996358953428,-0.31442022212646054,0.08284082173256577,-0.4885492135992845,-0.16923705336374628,-0.41496066748740473,0.39821377631570953]]");

const TROUSERS_MATRIX = JSON.parse("[[0.0019456495509259943,0.21025443260333748,-0.19667980147259653,-0.12328542740965788,0.754573481434337,0.15563914248138186,-0.1594993254048094,0.5181827153502606,0.028326554968529538,-0.11638990735700562],[-0.9993367056499661,0.026699821455578216,0.000587543414073586,-0.006956150633281558,-0.015792749192445586,0.0005199548885836591,0.002093867603295516,0.012393546584307054,0.008170787759481723,-0.00949250782391624],[0.008789268342411557,0.4707006636087746,0.666177269687875,0.27562926159070433,0.0344749054743097,-0.04613513651211038,0.20544725294555533,0.22725464072076812,-0.3162398736790656,0.24783485719613785],[-0.0009991098399858272,0.05984240354574633,0.5687872221389523,-0.3069172044475496,0.31177829505991234,-0.04811364451193059,-0.171608781949445,-0.4626294610319386,0.3791415549627412,-0.30324293074666303],[0.009280834149476032,0.7025940247279766,-0.3799084684580104,0.08395438070835898,0.035053989624675486,0.13776533347833828,-0.13027942638922177,-0.48479429366192217,0.08490976448225537,0.27473759585993096],[0.0017506336122667583,-0.07432179426612824,0.0922248771798162,-0.5111438010091442,-0.06063971921918079,0.6162395822077258,0.39395216066041455,0.05015300723209874,0.14858501451311748,0.40184606394772865],[0.0019500817577674941,0.030217483699750986,-0.12496656340538025,0.22745711872413457,0.18108897996139608,-0.3683196917877576,0.6766634086354829,0.02973393610530164,0.549970525536365,0.045299553077479335],[-0.03213476822801462,-0.4561402295662211,0.044672084449396694,0.20700904173522852,0.46994201072475233,-0.10552487976154598,-0.13265786934601986,-0.29403442885821934,-0.1478988350033602,0.6230133982600593],[0.010852801416235078,0.10796060933993074,0.056041935578540446,-0.331765224452369,-0.2404200528156161,-0.44686144293924535,-0.40417166711829317,0.3401029621476409,0.3654749419400119,0.45269660403255446],[0.0008280597597144363,-0.10072424691058282,0.1428875213213579,0.5844729962977725,-0.1250150157866915,0.4755231422174428,-0.3031504311603614,0.1584650595493784,0.517855304042008,0.02986511943780261]]");

const EARLY_SEPARATION_MATRIX = JSON.parse(
  "[[0.07179739443928171,0.12793862277070414,0.2899009640925615,0.13655580884417812,-0.7683964319640992,0.016417359787843505,0.03362664108990515,0.4522267915085845,0.2224604575919643,-0.17307728608986372],[0.06299729069200617,-0.38622697465660055,0.64241396386338,0.2852301583389249,0.05248592983186037,-0.2695001607233729,-0.2131069438069174,-0.20680120049422543,0.15850729373356046,0.405113657879598],[0.1099691744622922,0.5400727715696676,0.0632622769322346,-0.0663155394172534,-0.027685006332498506,0.34166727321466994,0.17100691233980858,-0.3715127216454099,0.5123727106360553,0.3748791830345662],[0.035183326630379,-0.019648010279499955,-0.35088138015382764,0.8351172449894039,0.17899221541865784,0.2133483127217417,-0.02407755105339484,0.2563315848919331,0.13076565272190935,0.12998704387615312],[0.2064639628769654,0.3571222676787586,0.20598597401724222,0.3922184975053503,0.00660031651437562,-0.1473326481964473,-0.039034392961972975,-0.48209376863704806,-0.21086346348284124,-0.5774241574908493],[-0.5514730241331395,0.1441643429852604,0.465793345908336,0.11359661880011875,0.21284391024326121,0.2703425896525917,0.4696571952551283,0.16783811903412138,-0.27944630761880135,-0.0010742499845872722],[0.09777128407517492,0.516052850583364,0.17592919299267212,-0.09832634766017428,0.44688464717951587,-0.3785600663025588,-0.2837649228773331,0.4951055766856748,0.12110398758149715,0.01338782915120465],[-0.5717474381936077,0.13388486769102753,-0.016929488324031926,0.008186519813416226,-0.13544395471603157,0.2531601729032225,-0.7453339671609805,-0.12617500456220723,-0.014093709722815454,-0.02737560144497332],[-0.235143918260271,0.3073827703003129,-0.2523664146657837,0.14108923978173357,-0.3256279131089048,-0.5328867026671757,0.13098318240804205,-0.11979362894425351,-0.35782665714878337,0.46591780367475594],[-0.48892584482353385,-0.12392005874998621,-0.14772164793287204,0.04239033037244581,0.06765317486192422,-0.4227150355649705,0.2198367199610465,-0.11407180492006207,0.6166871450147522,-0.31155769247602166]]");

const EARLY_SEPARATION_MATRIX_LAYER6 = JSON.parse("[[0.4076356277075818,0.6026555299755817,-0.14006171421192004,-0.08270230517126932,0.30311991541866334,0.20837443024984853,0.2132711490162543,-0.1920565553936893,0.09549985150333527,-0.10446884572213026,0.028573893835712696,0.025467239718260752,0.008398081194139827,0.0802739226289465,0.04306332880114255,-0.00929252433004139,0.1513827508577823,0.028515370845710996,-0.19319411517548657,0.06019673981878523,-0.132105094144315,0.11365845956281809,0.006167470839629413,0.1631113287477691,-0.16552808118017454,0.10827637622289071,0.10154962842531655,0.09764512827397827,0.004861482545375001,0.046271540351006966,0.012343440838224551,-0.061112508082082476,-0.013050214664804247,0.04201097102528841,-0.02438474816981409,-0.07732471206586117,0.005431920844612197,-0.013435120073129083,-0.0053804769643816435,-0.028715984712770627,-0.012090740725398064,-0.01066597644239664,0.0024621544871479273,0.0020185147877782583,0.0008794389432296157],[0.006152919001651436,-0.4202653315382449,0.1744706789082031,0.2076428226198717,0.39153045087793975,-0.10712086880673012,0.009320949319179702,-0.4847683206282437,-0.16940436615757562,-0.15711126991481258,0.2976750696766774,0.05209341359366628,0.02672870529789302,0.10617636191565707,0.007277654836967671,-0.05841207282271127,0.0077504617627358555,0.052475458329223054,-0.1277972467017143,0.13950716659263812,-0.1803664449990724,0.1655398368433194,0.26433736393612245,0.0018516884805086062,-0.048236963459699356,0.020240766235888098,-0.05141996314306883,0.014638439668802525,0.05057054078390246,-0.058776934750572885,-0.07297605017663479,0.019665794081201365,-0.02605621359203744,0.026238750016319257,0.029392440067524818,0.008468168339694208,0.014235857899543857,-0.003969593689103216,0.009398200067946528,0.03445251964906473,0.009233923628926277,-0.008019679225981236,-0.0038015975151211023,-0.0019324907334521413,-0.007867609150707722],[-0.7789172843743298,0.22096464453914771,-0.07532401681825097,-0.2750528955819236,0.049970051825987606,0.07940008586186546,0.08035367992209792,-0.14540331788425787,-0.1389139364381288,-0.09363773880932257,-0.04308183260660366,0.06696196060368119,0.016287701866668895,0.16536945615382206,0.022596604041016485,0.018511510594560607,0.06762300174240014,-0.15966258059932908,-0.15664990582894653,0.047106230454235204,-0.03932197027735892,0.11126874659569783,-0.004969595031311895,0.11799255249736834,-0.09584734126639397,-0.1860170515125403,-0.06966136153658824,0.05300604825858944,-0.05191910943378213,-0.042235738991884944,0.09241425115801401,0.042077651554315296,0.06504811403945286,-0.055861563716032986,-0.018710344607944695,0.002578153135383269,0.06837009050524068,0.0059165215219292395,-0.014762963066485748,0.007897315395848377,0.006033687852323055,0.006317916791886091,-0.0002311486896360293,-0.004776482004672289,0.011298879981040955],[-0.07155228293146684,0.011306721981288952,-0.5649065894861363,0.0314719537796254,-0.14277380382485771,-0.3154410981967336,0.27780733888009046,0.12235979308554547,-0.0727914578634264,-0.14525004530065255,0.48433871456457284,0.06593831439402893,-0.04658976327103065,-0.13756482682529658,-0.06250417924575816,0.046124328134634685,0.18437730983358747,0.0844710590856016,0.04629342847805509,-0.047172506475766915,0.0971935742441724,0.08682913186165651,0.1549447888944005,-0.0031713739879327815,0.13338638858431928,0.11188989310163575,0.16965121521990234,-0.11928732657233329,0.009798415258920262,-0.008180242309209555,0.07981414402669501,0.03318478296459156,-0.017799424717369533,-0.012279134694152325,0.002868792339246126,0.00684724465345029,0.026836739273076678,0.025290612683561888,-0.00479887452408295,-0.011713916975942616,-0.023770736530423164,-0.008063857443630695,0.003001926001161337,-0.0024617775343358517,-0.001462706713937223],[0.09425972115452773,0.36117976948513797,0.12834530292765528,0.14736540010906785,-0.1878103446155057,-0.1439296916714008,-0.02951863616655464,-0.016511504043214047,-0.6394874085148862,0.2682769843932548,0.028812097367843872,0.13208876769973543,0.12802432007679795,-0.00774726981699504,0.11649058389119228,0.19831425428574867,-0.09901241441219862,-0.034910830062818504,0.1806102522607115,0.19237260013459873,-0.10915142158973219,0.13184951293273744,0.09631253867250794,-0.23402148186261895,-0.027181942867099296,-0.07281287029095883,-0.020251405569707278,-0.0006817550673962444,0.09105158641981365,-0.02078889199732096,-0.005496379880634546,0.0655049304076299,0.01032858491169617,0.02635026543876073,-0.023153210119540066,-0.0046004989019095485,0.000546160366312244,-0.025413387766857053,-0.027870322852223232,-0.018646470711845435,0.004040110856294632,-0.009313552640378475,-0.007010059431195259,0.005615585949271917,0.0015935826813802123],[0.007493928973003736,0.17226113538043059,-0.08795454785702878,0.45467622326061735,-0.22096267351742543,-0.08390356201235313,-0.19052340967860007,-0.0506360236382004,0.04623100553079587,-0.1615133202020957,-0.08871604327339773,-0.19352489943824966,0.17183951333033656,0.4673308740061817,-0.34702814514143027,-0.15716959296935326,0.12108419838304799,-0.23938799046156262,-0.14447999149695184,-0.028749149613546555,-0.034505481595977085,0.00874171473443999,0.021859169834616114,0.0031410087639901015,0.2879376858731825,-0.05853309449874789,0.020549440785060623,0.012352326568358092,0.08305016857292785,0.03334165757045145,-0.04747202040039786,0.022889483498516782,-0.020297948260304424,-0.005889238352627187,-0.022222012883693916,-0.009297105150836187,0.0024224784331506343,-0.004474712191178259,0.015230607302740102,-0.003153353479543108,-0.0037427337374538183,0.006117984186857939,0.00013483221118804067,0.0019514242885634303,0.0016266354359686375],[0.06325990631557742,-0.09446272747349892,-0.33640978101933156,-0.26537420561023745,-0.2392920294410616,-0.07326844037815927,-0.2662629386706221,-0.46706347975500134,0.021305043150744864,0.37148545746304057,0.010957602580043146,-0.2135822831604963,-0.1641017919216678,0.1232586066739043,0.034488242852660424,-0.05734274467981413,0.11634677874514442,0.17558785912372774,-0.09313748794764785,0.07158400786689612,-0.15268292708634013,-0.12231693821951858,-0.18916029989072133,-0.1600507480678915,-0.11097132865393272,-0.04540060950907881,0.15737329424783103,0.005738518661951334,0.04840238841985776,0.01973043690229279,-0.08312263235307936,0.07676261221285431,0.07795639788066824,0.0024340976227455627,0.016997580953016015,-0.015585182256777514,0.0085036668566166,0.03584915752805096,0.015874170581488833,0.012657191952040268,-0.001485401182435453,0.004154518712311983,0.007080028299242258,-0.0007175853825174272,0.0035146947484463453],[0.01790805495217545,-0.03490382453496507,0.2158338891800482,-0.06626541870859111,-0.11409428833094448,-0.08599052017636057,0.3650118144616251,0.0901411444565223,-0.03136061292971305,0.20750376188720793,-0.11708562003425793,0.435971666484977,-0.18997725818838826,0.3262694221769736,-0.30235368374693555,-0.23414655125336958,0.21636638277095568,0.3566672237963376,-0.09256368328730818,-0.08041018731411753,-0.07597748946651052,-0.15202683157703517,0.09699081676364961,-0.06138463769597544,-0.04179967563609591,-0.03056320433968741,-0.07069214555222628,-0.07007623349422064,-0.013306266874056866,0.00620054337490674,0.03415418926773794,-0.021443009638692646,-0.01550645413677864,0.04567680945742316,-0.006845702749560981,0.005240079228475015,0.0007463161227931375,-0.002412484588527647,-0.022864203132081626,-0.022886425319891945,-0.006203524302691221,0.0018059519352391362,0.005413435399532318,-0.004009691532701254,0.003932471852749586],[-0.08127831557583005,-0.1390914566010659,-0.4515328990689658,0.35354146182796625,0.20293824758746737,0.31893875142514416,0.1489539651713611,-0.046006797108601706,-0.1587455591648489,0.07906000605324166,-0.4395653630628813,0.09721057725803889,-0.30847818825714524,-0.09767324482098569,-0.08389209199076372,-0.008168448650246117,-0.09517826445985482,-0.049296798794020685,0.15776408313826026,0.18098792478599818,-0.06928896620154369,-0.10149832983097154,0.03184450291044235,-0.02123351479732748,0.06859442881637341,0.08540607547981696,0.03794547442723546,0.04718411148799744,0.07106761236974936,-0.1036344191335347,0.09860812891322725,0.04162425274780015,-0.035243253478068975,0.025112822127337737,0.017920461002981586,-0.00938275748074181,0.01745764350550172,-0.02011066484452784,0.017835988808059786,-0.008701380476724288,-0.0007975042099133134,0.0019063925137743354,0.005336466245353222,-0.002989839529618621,-0.0007415967411361635],[-0.0682198323495345,0.018775619356017754,0.044629280427541225,0.06889339680662364,0.049775733366942236,0.5019482969896049,0.007333212840724414,0.19062954902333332,-0.0350530271930429,0.2306301477775279,0.6285774060755384,-0.1562303011317678,-0.024357697827332936,0.1592710206436211,-0.1765004021254423,-0.08754653094753144,-0.07320419970463894,-0.024486056663128208,0.1267791986333584,0.1605997646888126,-0.04264111913518107,-0.25549590748510687,-0.12364984646341957,-0.008861285292697807,-0.054234100705528095,-0.021394911620882587,-0.09637790870925908,0.07425275321133266,0.02839182407489736,-0.04399210980536046,0.07133975344621872,-0.018839726554688175,-0.03716065209670299,-0.016737261200826793,-0.004438792154140606,0.00778538896403031,-0.0035754328317299505,-0.010491047648217277,0.0035473371130810617,-0.004994664097644199,0.005368120968341827,0.0032173823565244675,0.006829992868006229,-0.006104500964283943,-0.0043581631034612656],[-0.12924794262846678,0.05485259476181306,-0.06239081318257682,0.29926672922648134,0.03665411885688724,-0.030674976109171723,0.1184423241964915,-0.13039184067192466,0.24877338649327022,0.3881632153279877,0.09064530927049443,0.30082235247841554,0.372915818719294,-0.2979361648339717,0.059052265455462584,-0.1113786082820436,-0.18402211925527415,-0.09403554752064427,-0.34636790281727015,-0.22207569955044168,-0.10743211542108186,-0.019248351025658153,-0.21466151086257027,-0.1280759546687379,0.04822017677264505,-0.009501030779222253,0.012128985034292218,0.004805840897128658,0.01925753731556069,-0.05869229833556303,0.05429519675883827,0.018647831435886972,-0.010569662930830599,0.0374922407452022,0.02177139644377926,-0.012651739551784544,0.007957222133015954,0.0050726166994638534,0.001602689533151881,0.003458626739584375,-0.001643494819290936,0.008858554996550083,0.0035259067080914974,0.006836883258074522,-0.00641032587736845],[0.077170582683896,0.04147804288963293,-0.049031895586703914,-0.041761840077691986,-0.09477677786945017,0.07887401633159694,-0.43909259433014597,-0.09032654855165842,0.1278737176238171,-0.17988060178918164,0.17758900720255516,0.7229066799718166,-0.23963617788853964,0.0395923248548038,-0.021527843448981527,0.059621856145369995,-0.06481754488200576,-0.1895761283105522,0.1177033019839804,0.07205311538179604,0.032019973889305,0.006175055193456294,-0.10090122547225043,0.0777499942495906,0.07223590282345006,-0.04833656211021115,0.05842179835929723,0.054656550531023126,0.03104635339646407,0.05387790207348751,-0.08571173687876533,0.018876388653229215,0.03435584005868866,-0.044349158031920424,-0.011262354812710023,-0.006861372647284791,-0.02264975566809677,0.012750261140545581,0.0035088453541995274,-0.0010538374476326408,-0.0033531272783875465,0.000708488398231566,-0.007605939172208309,-0.005578291602432728,0.006953234784305096],[-0.07527780468867783,0.21775070751579678,0.2199971382447535,0.20846911861449607,0.00574889312249538,-0.18390858101579852,0.02866475615370348,-0.005946319981723084,0.06375176307028461,0.08472522653372958,0.13732331198884307,-0.2041634129100991,-0.7665269501087739,-0.13864138004845875,0.05358135471774777,-0.01705773209497214,-0.12060851299745975,-0.1469507638466102,-0.19607446342019136,-0.19182571385907057,-0.048302641691081255,0.10051039287701462,-0.0022160449749561648,-0.05750615668105136,0.05112600332165524,-0.0694501440641708,-0.04059791486408067,-0.0019007816101297085,-0.009210898911200343,0.0007827400059152002,-0.017511654606681238,-0.026233524397964017,-0.010233034909895864,0.024731472155443662,-0.008503796606214822,-0.008559966719811268,-0.007768730925165584,-0.013349134688406246,-0.006163818653862146,-0.009542252326338844,-0.002486142562702298,-0.005950673948973417,-0.00143257190939039,0.006271108984947205,0.0022449088282883167],[-0.011700490072415946,0.08024526314414811,0.15103538963291943,-0.08619384609057686,-0.14477116625247427,0.08894282842112017,-0.06861047993553496,-0.1719073013161831,-0.09291499668629856,-0.11683883088678676,-0.02416420430605448,-0.058919476148687804,0.034579026627574797,-0.6464063461747154,-0.5917442390434434,-0.1497720050147041,0.18848011985976557,0.005907553780686867,-0.016248392845352698,0.1457926627447275,-0.07508179357640025,-0.01674361452376336,0.05629986346162949,0.04528142179900174,-0.007069502811550466,-0.091741090061202,-0.009551213399010296,0.028956769119329664,0.018196140523825725,0.04045080220517432,-0.03508193832940472,-0.00025902308849138186,0.019282963671829082,-0.009129060845881082,-0.017810862487083797,-0.00765463666675085,-0.005020908161139628,0.001395808110032468,-0.003149020881609895,-0.015991821246292476,-0.01167040504515171,0.001502289087511599,-0.0003094066632911563,-0.000600457948166877,0.003208029316738248],[-0.023712468678736897,0.0018777908467119391,0.08554699690721176,0.14337100434327407,-0.20704220912970817,0.14906009133825102,0.006558466852914795,-0.0003040005671195459,-0.04714572699845627,-0.097502507179694,0.010782032326680615,0.025124690045076826,-0.013729723294861789,-0.1476610346653776,0.5848389393037114,-0.5237340901449766,0.4496788756069677,-0.051085954067732676,0.03830416551246674,0.12665466251650975,-0.02712569148925099,-0.1125061873775722,0.04699043108437513,0.01462214109927571,0.10909517188155791,-0.05385277867321174,-0.0250903139250772,0.016542462574768487,0.021645270452093544,0.0036141109588559163,0.013031053604292978,-0.009006296709661752,-0.016869261896021327,-0.0011335248708374298,-0.010065061018333668,-0.004316733897848778,-0.0037611477200565654,0.0013271868356968157,-0.006092209141273987,-0.019093226932423248,-0.004502368625253439,-0.004223432391881943,0.01210016943514347,-0.0015624440275132656,0.006034808699041605],[0.02813540182030371,0.09726932253614917,-0.11670105912792422,-0.17122181688192234,0.05423908595351856,-0.14119875841069007,-0.03682175691762516,0.034695650125899556,-0.101735000462937,-0.06011124381974236,-0.0023099355219279973,-0.022583229824420722,0.02146752626495764,0.039388469010263105,-0.05275470558028255,-0.7164762077448349,-0.5765649622528148,0.029268675963167748,0.1307593012668667,0.014372977463309289,0.05123755910052754,0.13775505913860261,0.046426057401135666,0.026165294718156658,-0.07390576395033667,0.03345223817317916,0.06734113843299896,-0.016771666748532924,-0.009308634052391192,0.02156587305834221,-0.010362867755137185,0.017365558750799433,0.029376162933951063,-0.01658992703973361,-0.008378529953120082,-0.0076044714004191135,-0.0006718841447520754,0.004256437191100536,-0.002962609149218342,-0.004872386193098396,-0.003241459373384714,-0.000002991733254020801,-0.006371085066348314,0.0008311064448207617,0.0017566860187798738],[0.03514130361616532,-0.05534172339081123,-0.026552366441292954,-0.06451420827936435,0.36841776716265867,-0.14891921075062423,-0.11282812397294355,0.10122837492911368,-0.06320855213536693,0.2627123624735511,-0.015886166516795537,0.02245390823196789,-0.0033357761946535463,0.029256200982451987,-0.1571712358102348,-0.18406715317010316,0.43805468313352985,-0.4271616097254202,0.2520363824119802,-0.18325368502165118,0.16350538039592646,0.22994745380177042,-0.1622150710160728,-0.17868090260062866,-0.22354738935931195,0.10537646910981562,-0.023410252789302286,-0.018493776171127983,-0.02252297203247465,-0.0498371903195042,0.005181970040518121,0.005339244489253575,-0.0006343526401798534,0.02013208273845585,0.03972357029761758,0.013726962516161711,-0.00340675605307912,-0.0006344126399408824,0.009100152273484237,0.007060740381288699,-0.001687836367636919,0.0019743393640965223,0.00877886451780796,-0.000674697570502758,0.0003697711508721113],[0.05193497243474583,-0.03360048535129883,0.012897701009666817,-0.013595641747538988,0.04058037088691174,-0.09484213045761539,-0.027476473482575765,0.12509305407289975,-0.002853446400803784,0.05884676441036562,-0.025815592058335092,0.028458751164737655,-0.04739779417400633,0.004564583493807777,-0.014833694061504222,-0.016884761902413233,-0.009152017413650477,-0.07080843923549854,-0.5031221747469123,0.6145415900718096,0.5313152651849881,-0.008555655760352342,-0.056008139332796913,-0.13096965331515434,-0.05998928586314845,0.07154360870586626,-0.008926603469926858,-0.08734718797620386,0.011495308573529667,-0.01889283414689964,0.05331823285142518,-0.0029956352699697987,-0.02787009219917771,-0.006791661017368557,0.008244368781357543,0.02401715090794762,0.0031531336326695763,0.01393595658000229,-0.009941215685199583,-0.005311526512735897,0.002241535112261772,0.016329072415828705,0.020078115165233612,-0.010924570262432098,-0.01212555356323719],[0.13805188284309577,-0.12889526749343577,-0.012933369034936752,-0.20040188686280855,-0.1827944040089688,-0.04028911823290021,0.17601393923435996,0.014874473650010323,-0.0472740904340377,-0.021622964975761785,-0.014616144165492203,0.02205325374471811,0.003198028266262673,0.0195962670677191,0.00839431345378862,0.026434026191004725,-0.1084945844840779,-0.6320252341421767,-0.1522363113749124,-0.005487846041621333,-0.2773895249447665,-0.3919062798120547,0.29836873044852047,0.006448549143877722,-0.20568975715523763,0.1400780110589503,0.06983979091051501,-0.14897553377354075,-0.05142163557349857,0.028689252617438488,0.00819066342384358,-0.03605964489002252,-0.02347602660568414,0.014364868287185426,-0.006201001530827647,0.03459941789857698,0.03427938914275872,-0.007121017897724722,-0.007190069546409261,0.022027590473808936,0.025316352024674416,0.0021718316711485386,0.008245826698839664,0.012889139354228973,-0.02624863013625145],[0.03373473372503068,0.06624572755364268,-0.011881182776651462,0.04469150867712804,-0.0010145621921381588,0.10688199243966752,0.0038702573939021568,-0.27242097914256375,-0.09907943988716217,0.04108701973546577,0.019647249859348893,0.0031385500919941063,0.02126902161013885,-0.00786889136612525,0.01488747137869707,0.012229047059292491,-0.03258711976289108,-0.00974825021683679,0.018306359389561808,-0.38090469597536164,0.6192948821771962,-0.3023084148820568,0.34517864072691623,0.023185857908699946,-0.13712932781668516,-0.19172511595277794,0.05166301209494417,0.1986063935568706,0.1928782203638196,-0.004629400652659591,0.0057926855839125005,0.08056525564564265,-0.0020560209585688866,0.033726669407255015,-0.011069492905871392,-0.025195530069996846,-0.05242402374530577,-0.017817423727564095,-0.008409436366673597,-0.06116505918480379,-0.02210656926035881,-0.011602605693042278,-0.00235479767434299,-0.028680643066763878,0.032569125294685364],[0.01641677755346789,-0.004775341671160454,0.11351676834655157,-0.04739434064740957,0.10339132427299395,-0.07319403844479747,0.22574333981186098,-0.1532729367249665,0.23465679446411358,0.12468689335471066,0.005329031819534208,-0.030490462550726113,0.027732157054187467,0.046127855324866594,-0.003880434359873222,0.03495347382856123,-0.03723050483372558,-0.15959131530948445,0.28212786583299276,0.25010439383956673,0.03531840615347419,0.004567239909271555,0.04590092343354261,-0.028988938558551624,0.25496368053043045,-0.4149840217030685,0.3069198111978736,-0.1390306547655083,-0.1470865495075967,0.07876069801515571,0.14478825529286682,-0.09464789097823072,0.12259984357035936,0.11865409256053132,0.0681594021931517,-0.13665633683116896,-0.22372504062579868,0.11382644896220499,-0.03162963833666438,-0.24824361338720866,-0.20530936121940613,-0.0055213202722370625,0.04020824655890465,-0.012563101947307587,0.12093395739793777],[0.04461309646423978,-0.009903035492607001,0.0459992274940708,0.0893699101104575,-0.08117772867826041,-0.13294988622819898,0.12288788885443977,-0.12128300464385007,0.01549466474129484,0.056459870019541065,0.0013555304284067783,-0.018902609588412164,-0.010661089713677397,0.004873880261000216,0.007991270114828931,0.012679730695373778,-0.01443230810102561,-0.052678570189614776,0.14919984601427178,0.07328251870382815,0.0677460344149283,-0.006223215440350329,-0.2948339652216955,0.564895808800377,-0.17445276410073143,-0.1330661871015386,-0.0870759137356778,-0.4125616557204004,0.39979909923936596,-0.0858720231949476,0.04342631659583962,0.12861159835799701,-0.14439943306515626,0.14157855911138176,-0.0009055766007808568,0.08363883194263322,0.08150423007164947,-0.05871094268456987,-0.07277316201484733,0.06177913712572853,0.07148439437150955,0.005017702467739582,-0.007128166500478983,-0.020232442766427994,-0.06361400336027145],[0.03679020533174934,0.0056797809240756855,0.039990932018932966,-0.12247949153704224,0.006431537603392325,-0.03160233023773037,0.17466267355498796,-0.17087013954349656,-0.06314683461810676,-0.008161837898557919,0.019275230151985095,-0.012556956841052768,-0.01784884446585819,0.006371277888700442,0.0042628590277142015,0.004094888421584553,-0.027416605000557044,-0.1017315383279147,0.03332453529595275,-0.00960833309020162,0.060737500490332816,-0.07572575231205646,-0.1662254684433995,0.04092724716838599,0.30416874364307533,0.3852957821868452,-0.4304321326606608,0.06358387731650528,0.06747094741271015,0.2373079460913567,0.041379435605313306,0.4288101260066821,0.26680923226488246,-0.02476463979862527,-0.023571850902880165,-0.05286063051792608,-0.19734820745208148,0.1544538636654121,-0.002461222218782652,-0.13945941862336006,-0.09645076096057892,0.05866488069295883,0.0011078881798312068,-0.02259526588022709,0.13360978662967682],[-0.0005121309289619173,-0.032599038756654625,0.010602884533543829,-0.04815113873642119,0.0807022583226952,0.10869703575970649,-0.13401370520852485,0.1592218478475947,0.0034328396200826146,-0.1006334161308162,-0.026692271432223674,-0.006402332344148655,-0.005999840545218788,-0.008220323774974902,0.014646637673450638,-0.00064947706624154,0.017428431222186583,0.05891101270488845,-0.15002343248324754,-0.10758803964806907,-0.16637023630889125,0.08527094536569901,0.07467864398736399,-0.199982025391933,-0.1120567727727397,-0.060883658345624224,0.10049290368481413,-0.24158627229794064,0.5727557228099527,0.057290687479155236,0.2931254300296252,0.01644683261666453,0.03213426865311138,-0.3926964735470335,0.008291476553079043,0.0035192551955690217,-0.2459848598406136,0.13831306570547827,-0.028117694928844673,-0.19329471846115223,-0.14577695727348328,0.0335567444562912,0.05010809376835823,-0.04268461465835571,0.056591104716062546],[0.13590460504641141,-0.013994661631054551,-0.09925874662710586,0.06036624787661186,-0.00660819863693769,0.08421633025690531,0.11433559002050393,-0.0191526339919396,0.05151702734873841,-0.12114738899441233,0.00021525971963647295,0.003333147875745516,-0.009707004149766307,0.0008140974032875125,0.0037341661793027815,-0.0012823938854395474,-0.015338327900396378,-0.018417710320026343,0.012963020624619587,-0.01435340953368876,0.0005087246564109529,0.0735067571656125,-0.036102849576443954,-0.21904545863318528,-0.1576705272664578,-0.4152526840038723,-0.15460579115491527,-0.12292165048171048,-0.2950854108499364,0.27035023315945034,0.04839267410498674,0.45303946829486097,-0.29088683945838034,-0.19568685893102236,-0.008238758902010696,0.048291872914779814,-0.08229262552819963,0.1151854358461951,0.04387374215442367,0.24236968602705458,0.1738971471786499,0.11753136664628983,-0.031255871057510376,-0.08412672579288483,-0.10950124263763428],[-0.05298821625211123,0.11402790839636592,-0.11750123288613429,-0.013276148089954889,0.08270791252362658,0.062348320031187385,0.0012167253818154465,-0.11351666723763529,0.05990628036614466,-0.13026318787793303,0.008478072149558959,0.009700504789379507,0.015805526521588013,-0.01712286759416824,0.01827845683563363,0.007726650538108046,-0.032810449688338926,0.03510896527338923,0.09212746489427773,-0.02424700510154246,0.06560731837262875,-0.11451664511577533,0.012354329199462454,-0.3390852389962387,0.011129860063580861,-0.057810953406755815,-0.40350947434679313,-0.4623172485925204,0.10193427446987838,0.17526868649890437,-0.2352324844569345,-0.34839877936562536,0.06260799572427982,0.14053292603913137,-0.026747853001901016,-0.2031035928515913,0.2319337559750847,-0.05140628977388436,0.2148522080381964,-0.015588502391877087,-0.0673689916729927,0.04430538788437843,0.07372025400400162,0.04472998157143593,-0.027115793898701668],[-0.015230175335570523,-0.11566021832932584,0.009109549929402012,-0.0727879696378996,-0.14187430974411494,0.014831410032124783,0.14614995270337455,-0.06345987665485198,0.09027383586099569,0.0635760125043179,-0.0048883602636729685,-0.0002884769168881818,-0.010816241616637167,0.020793763711777134,0.0010672754289342994,0.011294012094918681,-0.03435895432986874,-0.09187851045432896,0.07083283936109996,0.06701776306068405,0.017393798931885005,0.228193389141063,-0.001489199321389906,-0.0737906817240899,0.041550850430398585,0.026600071845378822,-0.03247622582857779,0.3734439037416326,0.3150674610964137,0.5683764232732345,0.23936458834358354,-0.27408766823601594,-0.2044374762334663,0.14699306535625017,0.06648311055951932,0.14019397467617678,0.17559520360135822,-0.02761633581869411,-0.0257206688886312,0.14152105158374736,0.037074390798807144,-0.0365011990070343,-0.03633631393313408,-0.01641230843961239,-0.060675960034132004],[-0.08921217498081246,0.05733309466067705,0.07286725403509994,0.02598243149650425,-0.19159502164275222,-0.04726762519649818,0.24283267687121782,-0.14768128225323285,0.2492132025036939,-0.08778423745674845,-0.012529901267865792,-0.008751637156058105,0.0007923834253210642,0.02937623162298925,-0.013201796678876086,0.021446089215106587,-0.043186285036708044,-0.05811913666755366,0.22680681683658988,0.1343556974995882,0.05239555451740105,0.0567092390608245,-0.0434993467236649,-0.21186365038776542,-0.1524737960313478,0.17556529032290563,-0.04556281919611248,0.17719399642950875,0.16689112498119732,-0.35374274705802045,-0.2767480736200308,-0.0983359182648285,-0.23646768511626975,-0.21619828991212736,-0.11224146998184023,-0.1796317762820402,-0.10509163849086486,0.3607827208099958,-0.1437355885690114,0.09641447106769525,0.03721557930111885,-0.06115080043673515,0.013159885071218014,-0.11507782340049744,0.002975741634145379],[0.0450795174515383,0.0645082858977662,0.06656933799975269,0.03977943635087252,0.00742346440903246,-0.12528353746263843,-0.03345461990080485,-0.11377061911268119,0.152275159906016,-0.15096170642774678,0.012155395459601889,-0.01093762963649473,-0.002798702834594874,0.007030543837394616,-0.01434169886983061,0.0003571546813922044,-0.00022367306550193013,0.029637308048140108,0.14295636214322333,0.049472264593255946,0.0012658208670897181,-0.13102164204749625,-0.018959729950439,-0.2056021919732141,-0.04197242889796836,0.02518517873991871,-0.044685967180819776,0.025932075765121892,0.007986449028461864,-0.2031757605319922,0.5720225996742172,-0.005231149334088005,0.3875936585965041,0.030853344352130378,-0.1911017493749598,-0.10796235583895072,0.11258391952476551,-0.1553454145443358,-0.184082536055707,0.23513457013792244,0.2991490066051483,0.12889963388442993,-0.03076109290122986,0.03228672966361046,-0.1443241685628891],[-0.12200861664739576,0.08571448989012156,0.1431160940201149,-0.012759507644973496,0.09584411279016954,-0.027147656340509363,-0.059803492813212615,-0.15045653584940075,-0.006962709956411862,-0.13457473407699827,-0.0029457880505868238,-0.006724334556214859,0.004470209526239515,0.008618333164205847,-0.0002915397379683769,0.005027066054861041,-0.011274466106468388,0.061178284655144854,0.09011832958356945,-0.027777926332774955,0.022598046469170224,-0.18572076105943536,-0.15024355347041646,-0.2040367624463305,0.05211352627415846,0.25135396393763854,0.2493542832393143,-0.1253916368467097,-0.09904563530063543,0.07135469281315428,0.13237226595279586,0.14450467784760174,-0.4620930751027559,0.07172552866902511,-0.3945582689573165,0.23211393501201177,0.1889414372336775,-0.13475996207506413,-0.08716